 Otidegeocenter    0.00    0.00    0.00   57570.000000
2016070100         0.000000      1.8250      4.1299     -1.8888
2016070101         0.041667      0.5041      4.1937     -3.5160
2016070102         0.083333     -0.8168      3.6263     -5.0214
2016070103         0.125000     -1.9306      2.4942     -6.0838
2016070104         0.166667     -2.6848      0.9966     -6.4140
2016070105         0.208333     -3.0220     -0.5533     -5.9776
2016070106         0.250000     -2.9774     -1.8460     -4.9099
2016070107         0.291667     -2.6381     -2.7016     -3.3494
2016070108         0.333333     -2.1152     -3.0653     -1.4945
2016070109         0.375000     -1.5704     -2.9291      0.3139
2016070110         0.416667     -1.2001     -2.3514      1.7377
2016070111         0.458333     -1.1110     -1.5264      2.6398
2016070112         0.500000     -1.2582     -0.7283      3.0545
2016070113         0.541667     -1.5214     -0.1786      3.0155
2016070114         0.583333     -1.7637      0.0066      2.5638
2016070115         0.625000     -1.8377     -0.1927      1.9112
2016070116         0.666667     -1.6247     -0.6848      1.3846
2016070117         0.708333     -1.0849     -1.2536      1.1559
2016070118         0.750000     -0.2711     -1.6328      1.1824
2016070119         0.791667      0.6958     -1.6424      1.3856
2016070120         0.833333      1.6674     -1.2435      1.6901
2016070121         0.875000      2.4650     -0.4666      1.9042
2016070122         0.916667      2.8671      0.6214      1.7634
2016070123         0.958333      2.7088      1.8454      1.1447
2016070124         1.000000      2.0026      2.9168      0.1415
2016070201         1.041667      0.9061      3.5604     -1.0959
2016070202         1.083333     -0.3712      3.6169     -2.4643
2016070203         1.125000     -1.5977      3.0484     -3.7761
2016070204         1.166667     -2.5477      1.9377     -4.6878
2016070205         1.208333     -3.0613      0.5070     -4.9259
2016070206         1.250000     -3.0824     -0.9180     -4.4811
2016070207         1.291667     -2.6571     -2.0378     -3.4901
2016070208         1.333333     -1.9023     -2.6908     -2.0977
2016070209         1.375000     -0.9881     -2.8290     -0.5346
2016070210         1.416667     -0.1565     -2.4524      0.8407
2016070211         1.458333      0.3376     -1.6515      1.7245
2016070212         1.500000      0.3766     -0.6654      2.0447
2016070213         1.541667      0.0258      0.2030      1.8835
2016070214         1.583333     -0.5585      0.7253      1.3088
2016070215         1.625000     -1.1895      0.7908      0.4191
2016070216         1.666667     -1.6672      0.3984     -0.5038
2016070217         1.708333     -1.8285     -0.3257     -1.1050
2016070218         1.750000     -1.5974     -1.1288     -1.2290
2016070219         1.791667     -1.0000     -1.7232     -0.9349
2016070220         1.833333     -0.1474     -1.9223     -0.3202
2016070221         1.875000      0.7949     -1.6756      0.4826
2016070222         1.916667      1.6002     -0.9962      1.2061
2016070223         1.958333      1.9996      0.0467      1.5447
2016070224         2.000000      1.8193      1.2509      1.3754
2016070301         2.041667      1.0941      2.3043      0.7880
2016070302         2.083333      0.0106      2.9288     -0.0943
2016070303         2.125000     -1.1931      2.9721     -1.1841
2016070304         2.166667     -2.2612      2.4081     -2.2759
2016070305         2.208333     -2.9589      1.3383     -3.0161
2016070306         2.250000     -3.1330      0.0075     -3.1593
2016070307         2.291667     -2.7461     -1.2507     -2.7239
2016070308         2.333333     -1.8770     -2.1506     -1.8498
2016070309         2.375000     -0.6931     -2.5514     -0.6917
2016070310         2.416667      0.5640     -2.4178      0.4924
2016070311         2.458333      1.5800     -1.7699      1.3450
2016070312         2.500000      2.0687     -0.7418      1.6200
2016070313         2.541667      1.9339      0.3819      1.3223
2016070314         2.583333      1.2859      1.2790      0.5847
2016070315         2.625000      0.3312      1.7250     -0.4909
2016070316         2.666667     -0.6903      1.6239     -1.7508
2016070317         2.708333     -1.5327      1.0009     -2.8565
2016070318         2.750000     -2.0005      0.0199     -3.4449
2016070319         2.791667     -1.9973     -1.0293     -3.3904
2016070320         2.833333     -1.5433     -1.8397     -2.7763
2016070321         2.875000     -0.7611     -2.2197     -1.7298
2016070322         2.916667      0.1511     -2.1098     -0.4449
2016070323         2.958333      0.9200     -1.5137      0.7468
2016070324         3.000000      1.2515     -0.5132      1.5207
2016070401         3.041667      0.9931      0.6599      1.7694
2016070402         3.083333      0.2248      1.6780      1.5816
2016070403         3.125000     -0.8294      2.2697      1.0500
2016070404         3.166667     -1.9056      2.2963      0.2455
2016070405         3.208333     -2.7359      1.7462     -0.6125
2016070406         3.250000     -3.0931      0.7408     -1.1733
2016070407         3.291667     -2.8493     -0.4566     -1.2294
2016070408         3.333333     -2.0059     -1.5101     -0.8298
2016070409         3.375000     -0.6942     -2.1551     -0.1189
2016070410         3.416667      0.8560     -2.2764      0.7385
2016070411         3.458333      2.3358     -1.8581      1.4704
2016070412         3.500000      3.3843     -0.9482      1.7472
2016070413         3.541667      3.7238      0.2737      1.4021
2016070414         3.583333      3.3135      1.4864      0.5203
2016070415         3.625000      2.3248      2.3623     -0.7248
2016070416         3.666667      1.0154      2.6911     -2.2070
2016070417         3.708333     -0.3313      2.3980     -3.7266
2016070418         3.750000     -1.4402      1.5375     -4.9050
2016070419         3.791667     -2.1031      0.3118     -5.3919
2016070420         3.833333     -2.2257     -0.9579     -5.1054
2016070421         3.875000     -1.8458     -1.9532     -4.1614
2016070422         3.916667     -1.1150     -2.4847     -2.7211
2016070423         3.958333     -0.2682     -2.4895     -1.0327
2016070424         4.000000      0.3921     -1.9684      0.5338
2016070501         4.041667      0.5809     -1.0199      1.6626
2016070502         4.083333      0.1999      0.1004      2.2736
2016070503         4.125000     -0.6115      1.0610      2.4490
2016070504         4.166667     -1.5947      1.6069      2.2444
2016070505         4.208333     -2.4733      1.6174      1.7138
2016070506         4.250000     -2.9853      1.0968      1.0868
2016070507         4.291667     -2.9313      0.1840      0.6999
2016070508         4.333333     -2.2279     -0.8451      0.7119
2016070509         4.375000     -0.9356     -1.6635      1.0397
2016070510         4.416667      0.7489     -2.0369      1.5350
2016070511         4.458333      2.5345     -1.8816      2.0311
2016070512         4.500000      4.0666     -1.2033      2.2657
2016070513         4.541667      4.9783     -0.0789      1.9645
2016070514         4.583333      5.0440      1.2735      1.0518
2016070515         4.625000      4.3025      2.5114     -0.3178
2016070516         4.666667      2.9885      3.3160     -1.9504
2016070517         4.708333      1.3993      3.5006     -3.7077
2016070518         4.750000     -0.1569      3.0153     -5.3534
2016070519         4.791667     -1.3976      1.9442     -6.4877
2016070520         4.833333     -2.1256      0.5216     -6.7961
2016070521         4.875000     -2.2743     -0.9109     -6.2550
2016070522         4.916667     -1.9205     -2.0379     -5.0169
2016070523         4.958333     -1.2533     -2.6812     -3.2712
2016070524         5.000000     -0.5328     -2.7793     -1.2983
2016070601         5.041667     -0.0601     -2.3327      0.5249
2016070602         5.083333     -0.0726     -1.4543      1.9147
2016070603         5.125000     -0.5908     -0.4139      2.8191
2016070604         5.166667     -1.4152      0.4668      3.3030
2016070605         5.208333     -2.2669      0.9576      3.3802
2016070606         5.250000     -2.8754      0.9589      3.0932
2016070607         5.291667     -3.0045      0.4902      2.6796
2016070608         5.333333     -2.5010     -0.2973      2.4471
2016070609         5.375000     -1.3456     -1.1264      2.4939
2016070610         5.416667      0.3275     -1.6926      2.7026
2016070611         5.458333      2.2539     -1.8017      2.9291
2016070612         5.500000      4.0988     -1.4032      3.0240
2016070613         5.541667      5.4983     -0.5217      2.7600
2016070614         5.583333      6.1254      0.7428      1.9364
2016070615         5.625000      5.8405      2.1454      0.5640
2016070616         5.666667      4.7699      3.3394     -1.1562
2016070617         5.708333      3.1992      4.0299     -3.0304
2016070618         5.750000      1.4461      4.0607     -4.9164
2016070619         5.791667     -0.1784      3.4083     -6.5500
2016070620         5.833333     -1.4073      2.1819     -7.5329
2016070621         5.875000     -2.0796      0.6364     -7.6118
2016070622         5.916667     -2.1799     -0.8835     -6.8315
2016070623         5.958333     -1.8369     -2.0800     -5.3742
2016070624         6.000000     -1.2715     -2.7944     -3.4386
2016070701         6.041667     -0.7436     -2.9675     -1.3094
2016070702         6.083333     -0.5169     -2.5989      0.6561
2016070703         6.125000     -0.7513     -1.8111      2.2155
2016070704         6.166667     -1.3819     -0.8761      3.3368
2016070705         6.208333     -2.1635     -0.0931      4.0573
2016070706         6.250000     -2.8172      0.3401      4.3537
2016070707         6.291667     -3.0968      0.3467      4.2658
2016070708         6.333333     -2.8085     -0.0428      4.0337
2016070709         6.375000     -1.8625     -0.6739      3.9189
2016070710         6.416667     -0.3179     -1.2820      3.9501
2016070711         6.458333      1.6119     -1.5985      3.9851
2016070712         6.500000      3.6088     -1.4749      3.9038
2016070713         6.541667      5.3269     -0.8899      3.5951
2016070714         6.583333      6.4351      0.1192      2.8839
2016070715         6.625000      6.6839      1.4372      1.6441
2016070716         6.666667      6.0352      2.8062     -0.0460
2016070717         6.708333      4.6929      3.8932     -1.9640
2016070718         6.750000      2.9710      4.4400     -3.9304
2016070719         6.791667      1.1863      4.3260     -5.8022
2016070720         6.833333     -0.3672      3.5514     -7.2990
2016070721         6.875000     -1.4606      2.2411     -8.0511
2016070722         6.916667     -1.9908      0.6552     -7.8879
2016070723         6.958333     -2.0093     -0.8754     -6.9194
2016070724         7.000000     -1.6951     -2.0829     -5.3370
2016070801         7.041667     -1.2792     -2.8309     -3.3236
2016070802         7.083333     -0.9901     -3.0616     -1.1466
2016070803         7.125000     -1.0245     -2.7727      0.8675
2016070804         7.166667     -1.4523     -2.0914      2.5141
2016070805         7.208333     -2.1342     -1.2796      3.7707
2016070806         7.250000     -2.8034     -0.6021      4.6456
2016070807         7.291667     -3.2014     -0.2189      5.0892
2016070808         7.333333     -3.1205     -0.1866      5.1461
2016070809         7.375000     -2.4228     -0.4710      5.0479
2016070810         7.416667     -1.0937     -0.9257      4.9933
2016070811         7.458333      0.7236     -1.3110      4.9450
2016070812         7.500000      2.7470     -1.4021      4.7590
2016070813         7.541667      4.6343     -1.0953      4.3625
2016070814         7.583333      6.0681     -0.3918      3.6963
2016070815         7.625000      6.7861      0.6652      2.6369
2016070816         7.666667      6.6347      1.9527      1.1178
2016070817         7.708333      5.6721      3.2141     -0.7385
2016070818         7.750000      4.1552      4.1463     -2.7075
2016070819         7.791667      2.4022      4.5380     -4.6294
2016070820         7.833333      0.7104      4.3040     -6.3636
2016070821         7.875000     -0.6608      3.4608     -7.6310
2016070822         7.916667     -1.5385      2.1365     -8.1161
2016070823         7.958333     -1.8920      0.5831     -7.7386
2016070824         8.000000     -1.8399     -0.8944     -6.6537
2016070901         8.041667     -1.5927     -2.0641     -5.0331
2016070902         8.083333     -1.3612     -2.8119     -3.0258
2016070903         8.125000     -1.3151     -3.0809     -0.8760
2016070904         8.166667     -1.5720     -2.8672      1.1168
2016070905         8.208333     -2.1194     -2.2974      2.7774
2016070906         8.250000     -2.7689     -1.6124      4.0881
2016070907         8.291667     -3.2583     -1.0333      5.0338
2016070908         8.333333     -3.3655     -0.6827      5.5508
2016070909         8.375000     -2.9310     -0.6042      5.6894
2016070910         8.416667     -1.8811     -0.7690      5.6588
2016070911         8.458333     -0.2803     -1.0478      5.5898
2016070912         8.500000      1.6530     -1.2313      5.3993
2016070913         8.541667      3.5951     -1.1390      4.9715
2016070914         8.583333      5.2192     -0.7068      4.2973
2016070915         8.625000      6.2718      0.0481      3.3646
2016070916         8.666667      6.5772      1.0816      2.0848
2016070917         8.708333      6.0746      2.2698      0.4303
2016070918         8.750000      4.8948      3.3704     -1.4508
2016070919         8.791667      3.3189      4.1236     -3.3423
2016070920         8.833333      1.6470      4.3679     -5.1083
2016070921         8.875000      0.1427      4.0467     -6.6172
2016070922         8.916667     -0.9822      3.1823     -7.6096
2016070923         8.958333     -1.6215      1.8967     -7.8392
2016070924         9.000000     -1.8171      0.4266     -7.3037
2016071001         9.041667     -1.7374     -0.9532     -6.1719
2016071002         9.083333     -1.5939     -2.0479     -4.5725
2016071003         9.125000     -1.5482     -2.7646     -2.6182
2016071004         9.166667     -1.6988     -3.0485     -0.5403
2016071005         9.208333     -2.0918     -2.8954      1.3788
2016071006         9.250000     -2.6569     -2.4265      2.9890
2016071007         9.291667     -3.1874     -1.8528      4.2791
2016071008         9.333333     -3.4481     -1.3495      5.2180
2016071009         9.375000     -3.2637     -1.0095      5.7341
2016071010         9.416667     -2.5278     -0.8735      5.8804
2016071011         9.458333     -1.2318     -0.9251      5.8373
2016071012         9.500000      0.4893     -1.0527      5.6782
2016071013         9.541667      2.3667     -1.0751      5.3056
2016071014         9.583333      4.0739     -0.8515      4.6576
2016071015         9.625000      5.3375     -0.3513      3.7868
2016071016         9.666667      5.9875      0.3980      2.7067
2016071017         9.708333      5.9312      1.3543      1.3406
2016071018         9.750000      5.1784      2.3990     -0.3166
2016071019         9.791667      3.9016      3.3150     -2.1020
2016071020         9.833333      2.3772      3.8908     -3.8154
2016071021         9.875000      0.8712      4.0090     -5.3507
2016071022         9.916667     -0.3960      3.6302     -6.5940
2016071023         9.958333     -1.2666      2.7737     -7.3163
2016071024        10.000000     -1.7001      1.5537     -7.3379
2016071101        10.041667     -1.7943      0.1927     -6.7078
2016071102        10.083333     -1.7379     -1.0634     -5.5775
2016071103        10.125000     -1.7105     -2.0557     -4.0253
2016071104        10.166667     -1.8079     -2.7126     -2.1429
2016071105        10.208333     -2.0650     -2.9832     -0.1649
2016071106        10.250000     -2.4804     -2.8635      1.6376
2016071107        10.291667     -2.9577     -2.4660      3.1415
2016071108        10.333333     -3.3007     -1.9693      4.3453
2016071109        10.375000     -3.3176     -1.5099      5.2048
2016071110        10.416667     -2.8836     -1.1638      5.6429
2016071111        10.458333     -1.9436     -0.9775      5.7161
2016071112        10.500000     -0.5455     -0.9459      5.5817
2016071113        10.541667      1.1282     -0.9677      5.2792
2016071114        10.583333      2.7946     -0.8819      4.7271
2016071115        10.625000      4.1639     -0.5815      3.9260
2016071116        10.666667      5.0411     -0.0635      2.9695
2016071117        10.708333      5.3385      0.6386      1.8680
2016071118        10.750000      5.0240      1.4876      0.5386
2016071119        10.791667      4.1469      2.3753     -1.0097
2016071120        10.833333      2.8896      3.1132     -2.6064
2016071121        10.875000      1.5016      3.5340     -4.0771
2016071122        10.916667      0.2048      3.5512     -5.3519
2016071123        10.958333     -0.8260      3.1310     -6.3377
2016071124        11.000000     -1.4841      2.2887     -6.8330
2016071201        11.041667     -1.7796      1.1372     -6.7074
2016071202        11.083333     -1.8384     -0.1082     -6.0325
2016071203        11.125000     -1.8360     -1.2279     -4.9251
2016071204        11.166667     -1.8977     -2.0983     -3.4236
2016071205        11.208333     -2.0556     -2.6680     -1.6213
2016071206        11.250000     -2.3048     -2.8904      0.2313
2016071207        11.291667     -2.6286     -2.7633      1.8768
2016071208        11.333333     -2.9351     -2.3911      3.2235
2016071209        11.375000     -3.0604     -1.9267      4.2790
2016071210        11.416667     -2.8635     -1.4820      4.9859
2016071211        11.458333     -2.2668     -1.1289      5.2673
2016071212        11.500000     -1.2560     -0.9217      5.1929
2016071213        11.541667      0.0849     -0.8566      4.9134
2016071214        11.583333      1.5585     -0.8299      4.4584
2016071215        11.625000      2.9054     -0.6923      3.7787
2016071216        11.666667      3.9016     -0.3659      2.9268
2016071217        11.708333      4.4356      0.1306      2.0068
2016071218        11.750000      4.4814      0.7630      1.0011
2016071219        11.791667      4.0354      1.5015     -0.1886
2016071220        11.833333      3.1547      2.2480     -1.5422
2016071221        11.875000      2.0060      2.8379     -2.8907
2016071222        11.916667      0.7985      3.1349     -4.0956
2016071223        11.958333     -0.2917      3.0689     -5.1244
2016071224        12.000000     -1.1292      2.6070     -5.8956
2016071301        12.041667     -1.6446      1.7674     -6.2213
2016071302        12.083333     -1.8739      0.6735     -6.0004
2016071303        12.125000     -1.9406     -0.4598     -5.3079
2016071304        12.166667     -1.9821     -1.4378     -4.2260
2016071305        12.208333     -2.0646     -2.1707     -2.7738
2016071306        12.250000     -2.1763     -2.6242     -1.0664
2016071307        12.291667     -2.3053     -2.7559      0.6271
2016071308        12.333333     -2.4513     -2.5694      2.0703
2016071309        12.375000     -2.5493     -2.1694      3.2054
2016071310        12.416667     -2.4793     -1.6964      4.0458
2016071311        12.458333     -2.1483     -1.2532      4.5237
2016071312        12.500000     -1.5131     -0.9145      4.5777
2016071313        12.541667     -0.5804     -0.7346      4.3083
2016071314        12.583333      0.5580     -0.6960      3.8753
2016071315        12.625000      1.7233     -0.6802      3.3113
2016071316        12.666667      2.7080     -0.5446      2.5982
2016071317        12.708333      3.3641     -0.2351      1.8168
2016071318        12.750000      3.6493      0.2150      1.0523
2016071319        12.791667      3.5669      0.7764      0.2428
2016071320        12.833333      3.1084      1.4258     -0.7274
2016071321        12.875000      2.3136      2.0676     -1.8305
2016071322        12.916667      1.3186      2.5489     -2.9087
2016071323        12.958333      0.2893      2.7494     -3.8645
2016071324        13.000000     -0.6352      2.6059     -4.6919
2016071401        13.041667     -1.3438      2.0897     -5.3027
2016071402        13.083333     -1.7830      1.2349     -5.5071
2016071403        13.125000     -1.9888      0.1858     -5.2221
2016071404        13.166667     -2.0601     -0.8395     -4.5212
2016071405        13.208333     -2.0878     -1.6711     -3.4636
2016071406        13.250000     -2.0925     -2.2492     -2.0705
2016071407        13.291667     -2.0499     -2.5522     -0.4900
2016071408        13.333333     -1.9755     -2.5441      0.9952
2016071409        13.375000     -1.9078     -2.2442      2.1776
2016071410        13.416667     -1.8201     -1.7711      3.0337
2016071411        13.458333     -1.6347     -1.2680      3.5828
2016071412        13.500000     -1.2925     -0.8380      3.7597
2016071413        13.541667     -0.7618     -0.5557      3.5403
2016071414        13.583333     -0.0449     -0.4617      3.0724
2016071415        13.625000      0.7876     -0.5102      2.5301
2016071416        13.666667      1.6000     -0.5602      1.9468
2016071417        13.708333      2.2481     -0.4722      1.3214
2016071418        13.750000      2.6512     -0.2109      0.7367
2016071419        13.791667      2.8068      0.1851      0.2349
2016071420        13.833333      2.7117      0.6943     -0.2983
2016071421        13.875000      2.3259      1.2920     -0.9956
2016071422        13.916667      1.6584      1.8717     -1.8247
2016071423        13.958333      0.8125      2.2783     -2.6450
2016071424        14.000000     -0.0797      2.3972     -3.3939
